4977 4980
4980 4978
4978 4999
4978 4993
4993 4992
4992 4995
4995 4987
4995 4988
4995 4989
4995 4990
4995 4991
4991 4994
4991 4939
4939 4942
4942 2970
2970 2971
2970 2969
2969 3055
3055 3056
3055 3057
3057 2968
3057 2967
3057 2965
3057 3119
3119 3058
3058 3059
3059 3060
3060 3315
3060 3318
3060 3314
3060 3096
3060 3093
3093 3094
3093 3091
3093 3095
3095 3096
3095 3097
3097 3099
3097 3148
3148 3314
3148 3313
3148 3311
3311 3147
3147 3320
3320 3146
3146 5692
5692 3144
3144 5694
5694 3304
5694 5693
5693 3309
5693 3303
5693 3137
3137 3138
3138 3136
3138 3151
3151 4469
4469 3152
3152 3281
3281 3302
3302 3283
3283 3284
3283 3285
3283 3157
3157 3158
3158 3301
3301 3160
3160 3159
3159 3161
3159 5783
3159 3200
3200 3199
3200 3198
3198 3201
3201 3197
3197 3263
3197 3264
3197 3196
3196 3195
3196 3134
3196 5683
5683 3265
3265 3229
3229 3228
3228 3227
3227 3216
3227 3226
3226 3217
3217 3224
3217 3223
3223 3218
3223 3220
3220 5955
3220 3268
3268 3221
3268 3222
3222 3267
3222 3203
3203 3202
3202 3234
3202 3237
3202 3231
3231 3213
3231 3212
3212 3230
3230 3244
3230 3243
3243 3232
3232 3242
3242 3236
3236 3239
3236 3235
3235 3234
3234 3206
3206 3251
3251 3250
3250 3164
3164 3258
3258 3259
3259 3165
3165 2947
2947 3166
2947 3167
3167 3295
3167 3358
3358 3168
3168 3280
3280 3169
3280 2948
3280 3347
3347 3359
3347 3349
3349 3348
3348 3342
3342 3345
3342 3344
3344 3343
3343 5372
5372 5376
5376 5375
5375 3401
3401 3387
3387 3398
3398 3386
3398 3394
3398 3397
3397 3399
3397 3392
3392 3396
3392 3374
3374 3368
3368 3375
3368 3370
3370 3369
3369 3371
3371 5054
3371 3372
3372 96
3372 97
3372 96
